{
 "cells": [
  {
   "cell_type": "code",
   "execution_count": 3,
   "id": "c11dacdc",
   "metadata": {},
   "outputs": [],
   "source": [
    "import pandas as pd\n",
    "\n",
    "# Creating a dictionary with the data\n",
    "dictionary = {\"age\": [22, 25, 30, 38, 42, 47, 55, 62, 61, 90], \n",
    "              \"gender\": [\"M\", \"M\", \"F\", \"F\", \"F\", \"M\", \"M\", \"M\", \"M\", \"M\"], \n",
    "              \"civil_status\": [\"SINGLE\", \"SINGLE\", \"SINGLE\", \"MARRIED\", \"MARRIED\", \"SINGLE\", \"MARRIED\", \"DIVORCED\", \"MARRIED\", \"DIVORCED\"], \n",
    "              \"salary\": [18000, 23000, 27000, 32000, 34000, 20000, 40000, 42000, 25000, 70000], \n",
    "              \"has_children\": [False, False, False, True, True, False, False, False, False, True], \n",
    "              \"purchaser_type\": [\"LOW_PURCHASER\", \"LOW_PURCHASER\", \"LOW_PURCHASER\", \"HEAVY_PURCHASER\", \"HEAVY_PURCHASER\", \"LOW_PURCHASER\", \"MEDIUM_PURCHASER\", \"MEDIUM_PURCHASER\", \"MEDIUM_PURCHASER\", \"LOW_PURCHASER\"]}\n",
    "\n",
    "# Creating a Pandas DataFrame from the dictionary\n",
    "dataframe = pd.DataFrame.from_dict(dictionary)"
   ]
  },
  {
   "cell_type": "code",
   "execution_count": 9,
   "id": "a2c1073d",
   "metadata": {},
   "outputs": [
    {
     "data": {
      "text/html": [
       "<div>\n",
       "<style scoped>\n",
       "    .dataframe tbody tr th:only-of-type {\n",
       "        vertical-align: middle;\n",
       "    }\n",
       "\n",
       "    .dataframe tbody tr th {\n",
       "        vertical-align: top;\n",
       "    }\n",
       "\n",
       "    .dataframe thead th {\n",
       "        text-align: right;\n",
       "    }\n",
       "</style>\n",
       "<table border=\"1\" class=\"dataframe\">\n",
       "  <thead>\n",
       "    <tr style=\"text-align: right;\">\n",
       "      <th></th>\n",
       "      <th>age</th>\n",
       "      <th>gender</th>\n",
       "      <th>civil_status</th>\n",
       "      <th>salary</th>\n",
       "      <th>has_children</th>\n",
       "      <th>purchaser_type</th>\n",
       "      <th>cluster</th>\n",
       "    </tr>\n",
       "  </thead>\n",
       "  <tbody>\n",
       "    <tr>\n",
       "      <th>0</th>\n",
       "      <td>22</td>\n",
       "      <td>M</td>\n",
       "      <td>SINGLE</td>\n",
       "      <td>18000</td>\n",
       "      <td>False</td>\n",
       "      <td>LOW_PURCHASER</td>\n",
       "      <td>0</td>\n",
       "    </tr>\n",
       "    <tr>\n",
       "      <th>1</th>\n",
       "      <td>25</td>\n",
       "      <td>M</td>\n",
       "      <td>SINGLE</td>\n",
       "      <td>23000</td>\n",
       "      <td>False</td>\n",
       "      <td>LOW_PURCHASER</td>\n",
       "      <td>0</td>\n",
       "    </tr>\n",
       "    <tr>\n",
       "      <th>2</th>\n",
       "      <td>30</td>\n",
       "      <td>F</td>\n",
       "      <td>SINGLE</td>\n",
       "      <td>27000</td>\n",
       "      <td>False</td>\n",
       "      <td>LOW_PURCHASER</td>\n",
       "      <td>0</td>\n",
       "    </tr>\n",
       "    <tr>\n",
       "      <th>3</th>\n",
       "      <td>38</td>\n",
       "      <td>F</td>\n",
       "      <td>MARRIED</td>\n",
       "      <td>32000</td>\n",
       "      <td>True</td>\n",
       "      <td>HEAVY_PURCHASER</td>\n",
       "      <td>1</td>\n",
       "    </tr>\n",
       "    <tr>\n",
       "      <th>4</th>\n",
       "      <td>42</td>\n",
       "      <td>F</td>\n",
       "      <td>MARRIED</td>\n",
       "      <td>34000</td>\n",
       "      <td>True</td>\n",
       "      <td>HEAVY_PURCHASER</td>\n",
       "      <td>1</td>\n",
       "    </tr>\n",
       "  </tbody>\n",
       "</table>\n",
       "</div>"
      ],
      "text/plain": [
       "   age gender civil_status  salary  has_children   purchaser_type  cluster\n",
       "0   22      M       SINGLE   18000         False    LOW_PURCHASER        0\n",
       "1   25      M       SINGLE   23000         False    LOW_PURCHASER        0\n",
       "2   30      F       SINGLE   27000         False    LOW_PURCHASER        0\n",
       "3   38      F      MARRIED   32000          True  HEAVY_PURCHASER        1\n",
       "4   42      F      MARRIED   34000          True  HEAVY_PURCHASER        1"
      ]
     },
     "execution_count": 9,
     "metadata": {},
     "output_type": "execute_result"
    }
   ],
   "source": [
    "dataframe.head()"
   ]
  },
  {
   "cell_type": "code",
   "execution_count": 10,
   "id": "b14024b7",
   "metadata": {},
   "outputs": [],
   "source": [
    "import gower\n",
    "\n",
    "distance_matrix = gower.gower_matrix(dataframe)"
   ]
  },
  {
   "cell_type": "code",
   "execution_count": 11,
   "id": "b5dd8fb7",
   "metadata": {},
   "outputs": [
    {
     "data": {
      "text/plain": [
       "array([[0.        , 0.02003879, 0.18438914, 0.6911226 , 0.7050205 ,\n",
       "        0.05801551, 0.51071966, 0.5309201 , 0.48211592, 0.61904764],\n",
       "       [0.02003879, 0.        , 0.16435036, 0.6710838 , 0.6849817 ,\n",
       "        0.05446025, 0.4906809 , 0.5108813 , 0.46207714, 0.59900886],\n",
       "       [0.18438914, 0.16435036, 0.        , 0.5067335 , 0.5206313 ,\n",
       "        0.1978022 , 0.6120448 , 0.6322452 , 0.5944301 , 0.7203728 ],\n",
       "       [0.6911226 , 0.6710838 , 0.5067335 , 0.        , 0.01389787,\n",
       "        0.6709222 , 0.5338828 , 0.6969403 , 0.5437406 , 0.7374488 ],\n",
       "       [0.7050205 , 0.6849817 , 0.5206313 , 0.01389787, 0.        ,\n",
       "        0.66801333, 0.5199849 , 0.68304247, 0.54083174, 0.723551  ],\n",
       "       [0.05801551, 0.05446025, 0.1978022 , 0.6709222 , 0.66801333,\n",
       "        0.        , 0.45270416, 0.47290453, 0.4241004 , 0.5610321 ],\n",
       "       [0.51071966, 0.4906809 , 0.6120448 , 0.5338828 , 0.5199849 ,\n",
       "        0.45270416, 0.        , 0.16305754, 0.05381383, 0.72737557],\n",
       "       [0.5309201 , 0.5108813 , 0.6322452 , 0.6969403 , 0.68304247,\n",
       "        0.47290453, 0.16305754, 0.        , 0.19166128, 0.56431806],\n",
       "       [0.48211592, 0.46207714, 0.5944301 , 0.5437406 , 0.54083174,\n",
       "        0.4241004 , 0.05381383, 0.19166128, 0.        , 0.7559793 ],\n",
       "       [0.61904764, 0.59900886, 0.7203728 , 0.7374488 , 0.723551  ,\n",
       "        0.5610321 , 0.72737557, 0.56431806, 0.7559793 , 0.        ]],\n",
       "      dtype=float32)"
      ]
     },
     "execution_count": 11,
     "metadata": {},
     "output_type": "execute_result"
    }
   ],
   "source": [
    "distance_matrix"
   ]
  },
  {
   "cell_type": "code",
   "execution_count": 6,
   "id": "ce506c2c",
   "metadata": {},
   "outputs": [],
   "source": [
    "from sklearn.cluster import DBSCAN\n",
    "\n",
    "# Configuring the parameters of the clustering algorithm\n",
    "dbscan_cluster = DBSCAN(eps=0.3, \n",
    "                        min_samples=2, \n",
    "                        metric=\"precomputed\")\n",
    "\n",
    "# Fitting the clustering algorithm\n",
    "dbscan_cluster.fit(distance_matrix)\n",
    "\n",
    "# Adding the results to a new column in the dataframe\n",
    "dataframe[\"cluster\"] = dbscan_cluster.labels_"
   ]
  },
  {
   "cell_type": "code",
   "execution_count": 8,
   "id": "fad5b34f",
   "metadata": {},
   "outputs": [
    {
     "data": {
      "text/html": [
       "<div>\n",
       "<style scoped>\n",
       "    .dataframe tbody tr th:only-of-type {\n",
       "        vertical-align: middle;\n",
       "    }\n",
       "\n",
       "    .dataframe tbody tr th {\n",
       "        vertical-align: top;\n",
       "    }\n",
       "\n",
       "    .dataframe thead th {\n",
       "        text-align: right;\n",
       "    }\n",
       "</style>\n",
       "<table border=\"1\" class=\"dataframe\">\n",
       "  <thead>\n",
       "    <tr style=\"text-align: right;\">\n",
       "      <th></th>\n",
       "      <th>age</th>\n",
       "      <th>gender</th>\n",
       "      <th>civil_status</th>\n",
       "      <th>salary</th>\n",
       "      <th>has_children</th>\n",
       "      <th>purchaser_type</th>\n",
       "      <th>cluster</th>\n",
       "    </tr>\n",
       "  </thead>\n",
       "  <tbody>\n",
       "    <tr>\n",
       "      <th>0</th>\n",
       "      <td>22</td>\n",
       "      <td>M</td>\n",
       "      <td>SINGLE</td>\n",
       "      <td>18000</td>\n",
       "      <td>False</td>\n",
       "      <td>LOW_PURCHASER</td>\n",
       "      <td>0</td>\n",
       "    </tr>\n",
       "    <tr>\n",
       "      <th>1</th>\n",
       "      <td>25</td>\n",
       "      <td>M</td>\n",
       "      <td>SINGLE</td>\n",
       "      <td>23000</td>\n",
       "      <td>False</td>\n",
       "      <td>LOW_PURCHASER</td>\n",
       "      <td>0</td>\n",
       "    </tr>\n",
       "    <tr>\n",
       "      <th>2</th>\n",
       "      <td>30</td>\n",
       "      <td>F</td>\n",
       "      <td>SINGLE</td>\n",
       "      <td>27000</td>\n",
       "      <td>False</td>\n",
       "      <td>LOW_PURCHASER</td>\n",
       "      <td>0</td>\n",
       "    </tr>\n",
       "    <tr>\n",
       "      <th>3</th>\n",
       "      <td>38</td>\n",
       "      <td>F</td>\n",
       "      <td>MARRIED</td>\n",
       "      <td>32000</td>\n",
       "      <td>True</td>\n",
       "      <td>HEAVY_PURCHASER</td>\n",
       "      <td>1</td>\n",
       "    </tr>\n",
       "    <tr>\n",
       "      <th>4</th>\n",
       "      <td>42</td>\n",
       "      <td>F</td>\n",
       "      <td>MARRIED</td>\n",
       "      <td>34000</td>\n",
       "      <td>True</td>\n",
       "      <td>HEAVY_PURCHASER</td>\n",
       "      <td>1</td>\n",
       "    </tr>\n",
       "    <tr>\n",
       "      <th>5</th>\n",
       "      <td>47</td>\n",
       "      <td>M</td>\n",
       "      <td>SINGLE</td>\n",
       "      <td>20000</td>\n",
       "      <td>False</td>\n",
       "      <td>LOW_PURCHASER</td>\n",
       "      <td>0</td>\n",
       "    </tr>\n",
       "    <tr>\n",
       "      <th>6</th>\n",
       "      <td>55</td>\n",
       "      <td>M</td>\n",
       "      <td>MARRIED</td>\n",
       "      <td>40000</td>\n",
       "      <td>False</td>\n",
       "      <td>MEDIUM_PURCHASER</td>\n",
       "      <td>2</td>\n",
       "    </tr>\n",
       "    <tr>\n",
       "      <th>7</th>\n",
       "      <td>62</td>\n",
       "      <td>M</td>\n",
       "      <td>DIVORCED</td>\n",
       "      <td>42000</td>\n",
       "      <td>False</td>\n",
       "      <td>MEDIUM_PURCHASER</td>\n",
       "      <td>2</td>\n",
       "    </tr>\n",
       "    <tr>\n",
       "      <th>8</th>\n",
       "      <td>61</td>\n",
       "      <td>M</td>\n",
       "      <td>MARRIED</td>\n",
       "      <td>25000</td>\n",
       "      <td>False</td>\n",
       "      <td>MEDIUM_PURCHASER</td>\n",
       "      <td>2</td>\n",
       "    </tr>\n",
       "    <tr>\n",
       "      <th>9</th>\n",
       "      <td>90</td>\n",
       "      <td>M</td>\n",
       "      <td>DIVORCED</td>\n",
       "      <td>70000</td>\n",
       "      <td>True</td>\n",
       "      <td>LOW_PURCHASER</td>\n",
       "      <td>-1</td>\n",
       "    </tr>\n",
       "  </tbody>\n",
       "</table>\n",
       "</div>"
      ],
      "text/plain": [
       "   age gender civil_status  salary  has_children    purchaser_type  cluster\n",
       "0   22      M       SINGLE   18000         False     LOW_PURCHASER        0\n",
       "1   25      M       SINGLE   23000         False     LOW_PURCHASER        0\n",
       "2   30      F       SINGLE   27000         False     LOW_PURCHASER        0\n",
       "3   38      F      MARRIED   32000          True   HEAVY_PURCHASER        1\n",
       "4   42      F      MARRIED   34000          True   HEAVY_PURCHASER        1\n",
       "5   47      M       SINGLE   20000         False     LOW_PURCHASER        0\n",
       "6   55      M      MARRIED   40000         False  MEDIUM_PURCHASER        2\n",
       "7   62      M     DIVORCED   42000         False  MEDIUM_PURCHASER        2\n",
       "8   61      M      MARRIED   25000         False  MEDIUM_PURCHASER        2\n",
       "9   90      M     DIVORCED   70000          True     LOW_PURCHASER       -1"
      ]
     },
     "execution_count": 8,
     "metadata": {},
     "output_type": "execute_result"
    }
   ],
   "source": [
    "dataframe"
   ]
  },
  {
   "cell_type": "code",
   "execution_count": null,
   "id": "04477a91",
   "metadata": {},
   "outputs": [],
   "source": []
  }
 ],
 "metadata": {
  "kernelspec": {
   "display_name": "Python 3",
   "language": "python",
   "name": "python3"
  },
  "language_info": {
   "codemirror_mode": {
    "name": "ipython",
    "version": 3
   },
   "file_extension": ".py",
   "mimetype": "text/x-python",
   "name": "python",
   "nbconvert_exporter": "python",
   "pygments_lexer": "ipython3",
   "version": "3.8.8"
  }
 },
 "nbformat": 4,
 "nbformat_minor": 5
}
